    double area[] = {250001.045000,
        10578.422596,
        919594.577480,
        76.834298,
        180.695736,
        481353.363400,
        25212.382404,
        170.888745,
        1056641.482380,
        10965.296800,
        74.517686,
        2941298.008860,
        31831.793288,
        33243.382200,
        3888.047140,
        256.757830,
        51702.918820,
        166.409962,
        80154.775200,
        11690.396356,
        8805.442212,
        42710.603240,
        20.579237,
        18146.794000,
        418685.147780,
        19741.009158,
        226012.527740,
        3265075.424020,
        59.073606,
        2034.757540,
        42683.576100,
        105714.727600,
        9903.516300,
        68154.725040,
        181251.722880,
        3511021.239714,
        1557.149366,
        101.158724,
        240535.368368,
        486179.638400,
        289113.177600,
        3600945.553820,
        52.123770,
        401044.147400,
        837.841340,
        91.390343,
        19559.927320,
        21781.558228,
        42803.267720,
        3567.582480,
        8231.930510,
        29836.418152,
        7.722040,
        875524.895200,
        16368.408188,
        8872.623960,
        291.120908,
        18679.614760,
        106888.477680,
        384345.235900,
        8000.033440,
        10830.547202,
        46841.894640,
        16683.853522,
        432311.845666,
        4700.019646,
        540.156698,
        7054.083540,
        117557.634246,
        247125.743406,
        1413.133320,
        99485.744034,
        3861.020000,
        26911.309400,
        134835.698746,
        89166.395880,
        2.509663,
        50502.141600,
        836330.136772,
        132.819088,
        208.997013,
        41865.039860,
        94925.879414,
        10810.856000,
        76004.178700,
        10640.971120,
        43200.952780,
        402.318284,
        35652.658680,
        38706.725500,
        1147954.605380,
        705192.136880,
        631662.872000,
        166858.612524,
        26598.566780,
        7849.453660,
        113521.710040,
        4181.870762,
        144689.407888,
        35510.187042,
        1030815.119600,
        219788.563500,
        313.128722,
        6880.337640,
        73861.312600,
        89112.341600,
        24551.840078,
        3949.823460,
        11720.126210,
        37189.344640,
        679361.913080,
        61.776320,
        39.382404,
        998.459772,
        68.726156,
        9596.951312,
        224533.757080,
        36324.476160,
        126853.812100,
        115.830600,
        471044.440000,
        122.008232,
        70.000293,
        409.268120,
        397839.500800,
        783.787060,
        742489.590080,
        271.043604,
        12884.609842,
        0.752899,
        428179.239,
        39.382404,
        172317.322600,
        302738.717180,
        8301.965204,
        318695.540636,
        8.108142,
        55282.470462,
        13082.294066,
        370.657920,
        103483.444142,
        46430.309908,
        489075.403400,
        351649.346336,
        100.386520,
        13.359129,
        46490.541820,
        118703.971084,
        82031.230920,
        300665.349440,
        176.834716,
        29339.890980,
        174850.151720,
        153398.324600,
        494210.560000,
        115124.033340,
        18.146794,
        117554.545430,
        35502.465002,
        3424.724740,
        4415.848574,
        819059.022108,
        88934.734680,
        6562112.371600,
        9632.472696,
        100.772622,
        233.977812,
        93.436684,
        150.193678,
        1132.823268,
        23.629442,
        386.488102,
        829999.608380,
        74131.584000,
        39434.913872,
        175.676410,
        27652.625240,
        263.591835,
        18841.777600,
        7780.341402,
        10633.249080,
        242216.070374,
        471010.463024,
        1506.956106,
        37911.355380,
        10422905.343624,
        192874.165284,
        24996.243480,
        917378.352000,
        62343.889940,
        6642.112706,
        158662.439268,
        15355.276540,
        71062.073100,
        12455.650520,
        55096.755400,
        342100.657774,
        197595.420540,
        54522.235624,
        5407.18,
        20998.157270,
        277.221236,
        1979.931056,
        59984.806720,
        297591.977520,
        188456.386200,
        166.023860,
        10.038652,
        32278.127200,
        77108.430420,
        233089.777400,
        93278.382180,
        3537436.794146,
        67035.029240,
        133.591292,
        164247.790800,
        4710.444400,
        0.169885,
        340561.269100,
        125622.146720,
        105.791948,
        203850.272940,
        285995.017848,
        149294.060340 };