   int pop[] = {31889923,
        3600523,
        33333216,
        57663,
        71822,
        12263596,
        13677,
        69481,
        40301927,
        2971650,
        100018,
        20434176,
        8199783,
        8120247,
        305655,
        708573,
        150448339,
        280946,
        9724723,
        10392226,
        294385,
        8078314,
        66163,
        2327849,
        9119152,
        4552198,
        1815508,
        190010647,
        23552,
        374577,
        7322858,
        14326203,
        8390505,
        13995904,
        18060382,
        33390141,
        423613,
        46600,
        4369038,
        9885661,
        16284741,
        1321851888,
        1402,
        44379598,
        711417,
        21750,
        4133884,
        4493312,
        11394043,
        788457,
        68251,
        10228744,
        2114,
        3800610,
        5468120,
        496374,
        72386,
        9365818,
        13755680,
        80335036,
        6948073,
        551201,
        4906585,
        1315912,
        76511887,
        3105,
        47511,
        918675,
        5238460,
        58772124,
        278963,
        1454867,
        1688359,
        4646003,
        82400996,
        22931299,
        27967,
        10706290,
        56344,
        89971,
        173456,
        12728111,
        9947814,
        1472780,
        769095,
        8706497,
        7483763,
        6980412,
        9956108,
        301931,
        1129866154,
        234693997,
        65397521,
        27499638,
        4109086,
        6426679,
        58147733,
        2780132,
        127433494,
        6053193,
        15284929,
        36913721,
        107817,
        2505559,
        5284149,
        6521998,
        2259810,
        3925502,
        2125262,
        3195931,
        6036914,
        34247,
        3575439,
        480222,
        23124,
        2055915,
        19448815,
        13603181,
        24821286,
        369031,
        11995402,
        401880,
        61815,
        436131,
        3270065,
        1250882,
        108700891,
        107862,
        4320490,
        32671,
        2951786,
        9538,
        33757175,
        20905585,
        421541,
        2055080,
        13528,
        28901790,
        16570613,
        223652,
        4115771,
        5675356,
        12894865,
        135031164,
        1492,
        2114,
        23301725,
        4627926,
        3204897,
        164741924,
        20842,
        3242173,
        5795887,
        6669086,
        28674757,
        91077287,
        48,
        38518241,
        10642836,
        3944259,
        907229,
        65751512,
        22276056,
        141377752,
        9907509,
        39349,
        170649,
        7036,
        118149,
        214265,
        29615,
        199579,
        27601038,
        12521851,
        10832545,
        81895,
        6144562,
        4553009,
        5447502,
        2009245,
        566842,
        9118773,
        43997828,
        0,
        49044790,
        300232187,
        40448191,
        20926315,
        39379358,
        470784,
        1133066,
        9031088,
        7554661,
        19314747,
        22858872,
        7076598,
        39384223,
        65068149,
        4587212,
        1084971,
        5701579,
        116921,
        1056608,
        10276158,
        71158647,
        5097028,
        21746,
        11992,
        4444011,
        30262610,
        46299862,
        60776238,
        301139947,
        3460607,
        108448,
        27780059,
        211971,
        821,
        26023528,
        85262356,
        16309,
        22230531,
        11477447,
        12311143};